800 1.04106
1200 0.743563
1600 0.785952
2000 0.714557
2400 0.514778
2800 0.582524
3200 0.450488
3600 0.417173
4000 0.414126
4400 0.466536
4800 0.354957
5200 0.417141
5600 0.312771
6000 0.325866
6400 0.383403
6800 0.411496
7200 0.348492
7600 0.287464
8000 0.205468
8400 0.379255
8800 0.247005
9200 0.228384
9600 0.195936
10000 0.286067
10400 0.186586
10800 0.148977
11200 0.234255
11600 0.0929636
12000 0.264445
12400 0.198588
12800 0.155238
13200 0.161757
13600 0.179814
14000 0.173843
14400 0.178447
14800 0.129132
15200 0.125614
15600 0.0993202
16000 0.112892
16400 0.0980903
16800 0.0996164
17200 0.0937242
17600 0.0958696
18000 0.0939275
18400 0.0803178
18800 0.0819319
19200 0.0586124
19600 0.0661544
20000 0.130723
20400 0.0809347
20800 0.0822568
21200 0.119728
21600 0.0511793
22000 0.156045
22400 0.0770963
22800 0.075169
23200 0.0488192
23600 0.0599642
24000 0.0660888
24400 0.0284112
24800 0.08505
25200 0.0562481
25600 0.0659391
26000 0.0395161
26400 0.100015
26800 0.058064
27200 0.0817161
27600 0.0803586
28000 0.0670214
28400 0.0489367
28800 0.0817864
29200 0.0812443
29600 0.0734559
30000 0.0669909
30400 0.0889846
30800 0.0378168
31200 0.0363192
31600 0.0723775
32000 0.0564255
32400 0.011497
32800 0.011259
33200 0.0637934
33600 0.0754053
34000 0.0545453
34400 0.0601124
34800 0.0676825
35200 0.0314443
35600 0.080504
36000 0.0277909
36400 0.0587229
36800 0.0710676
37200 0.0548663
37600 0.0306134
38000 0.0908397
38400 0.0486559
38800 0.0132954
39200 0.0528997
39600 0.0420834
40000 0.115266
40400 0.0498349
40800 0.164523
41200 0.0315882
41600 0.0262111
42000 0.0574117
42400 0.100694
42800 0.0793684
43200 0.0259941
43600 0.0598908
44000 0.0487163
44400 0.0877873
44800 0.0157262
45200 0.0348525
45600 0.0188616
46000 0.0409057
46400 0.0417668
46800 0.0197309
47200 0.0423132
47600 0.0208481
48000 0.0110123
48400 0.0203985
48800 0.0726009
49200 0.104235
49600 0.0327043
50000 0.042037
50400 0.0459444
50800 0.0174116
51200 0.0255364
51600 0.0167921
52000 0.0419462
52400 0.0246346
52800 0.0957454
53200 0.0365598
53600 0.0180978
54000 0.0624116
54400 0.0556141
54800 0.0488259
55200 0.0239713
55600 0.0277102
56000 0.0283164
56400 0.0474111
56800 0.010175
57200 0.0228219
57600 0.0196921
58000 0.0549602
58400 0.0566747
58800 0.0732833
59200 0.0278039
59600 0.0342289
60000 0.0157165
60400 0.00965114
60800 0.0422517
61200 0.0299759
61600 0.0281259
62000 0.052801
62400 0.0197181
62800 0.0134041
63200 0.0524861
63600 0.113576
64000 0.021221
64400 0.07515
64800 0.0179296
65200 0.0648214
65600 0.064785
66000 0.0494136
66400 0.0159043
66800 0.0477444
67200 0.0389656
67600 0.00792648
68000 0.0314904
68400 0.0256375
68800 0.0558909
69200 0.0600936
69600 0.0315528
70000 0.0375253
70400 0.0143596
70800 0.0170087
71200 0.0401841
71600 0.0213237
72000 0.0414043
72400 0.0694673
72800 0.0520653
73200 0.0745738
73600 0.0292258
74000 0.0794669
74400 0.0250091
74800 0.043675
75200 0.0917916
75600 0.0665879
76000 0.021963
76400 0.0434207
76800 0.0365351
77200 0.0239323
77600 0.0454385
78000 0.0257613
78400 0.0375448
78800 0.052281
79200 0.0398775
79600 0.00853334
80000 0.0451534
80400 0.0429175
80800 0.0400891
81200 0.0362353
81600 0.0232398
82000 0.0207193
82400 0.0507245
82800 0.0342776
83200 0.0139266
83600 0.024002
84000 0.00318176
84400 0.0227503
84800 0.0697463
85200 0.0240943
85600 0.0223965
86000 0.00828476
86400 0.0590765
86800 0.0804543
87200 0.070895
87600 0.0049527
88000 0.0573306
88400 0.0480503
88800 0.0189441
89200 0.0338524
89600 0.0195625
90000 0.0172838
90400 0.0841503
90800 0.0416624
91200 0.0185437
91600 0.0318203
92000 0.022544
92400 0.0756204
92800 0.0252772
93200 0.0280279
93600 0.0373024
94000 0.0385769
94400 0.0383934
94800 0.0665977
95200 0.0140444
95600 0.0823229
96000 0.0197638
96400 0.0119039
96800 0.0213541
97200 0.0141572
97600 0.078403
98000 0.005346
98400 0.101032
98800 0.0444008
99200 0.065961
99600 0.0320177
100000 0.0307541
100400 0.00319529
100800 0.00602907
101200 0.000861692
101600 0.0141256
102000 0.00644982
102400 0.00152915
102800 0.00209048
103200 0.00162161
103600 0.00241046
104000 0.0010202
104400 0.00668059
104800 0.00091197
105200 0.00181574
105600 0.00378844
106000 0.00538191
106400 0.0017817
106800 0.0123059
107200 0.000804588
107600 0.00194078
108000 0.000744391
108400 0.00218853
108800 0.000340852
109200 0.000553151
109600 0.000221131
110000 0.000770689
110400 0.00121093
110800 0.000233309
111200 0.000920757
111600 0.000742073
112000 0.00050488
112400 0.000540302
112800 0.000830202
113200 0.000266856
113600 0.00127181
114000 0.00022707
114400 0.000484329
114800 0.000636121
115200 0.00102437
115600 0.000383007
116000 0.00048393
116400 0.000215399
116800 0.000608977
117200 0.000156781
117600 0.000396567
118000 0.000460189
118400 0.000576442
118800 0.000420179
119200 0.000346614
119600 0.000136993
120000 0.00134922
120400 0.000336494
120800 0.00233299
121200 0.000884537
121600 0.000609199
122000 0.000249484
122400 0.000251077
122800 0.00043441
123200 0.000239116
123600 0.000447944
124000 0.0019686
124400 0.000284683
124800 0.000999776
125200 0.000524462
125600 0.000867098
126000 0.000227765
126400 0.000404814
126800 0.0001517
127200 0.000350096
127600 0.00100868
128000 0.000130254
128400 0.000170506
128800 0.00141723
129200 0.00036151
129600 0.000869613
130000 0.000242095
130400 0.000229608
130800 0.000172128
131200 0.000337962
131600 0.000537044
132000 0.000379555
132400 0.000117131
132800 0.000350671
133200 0.000129131
133600 0.000235435
134000 9.65073e-05
134400 0.000156877
134800 0.000174335
135200 0.000225458
135600 0.000445173
136000 0.000157016
136400 0.000128881
136800 0.000327848
137200 0.000358884
137600 0.000240026
138000 0.000214507
138400 0.000343062
138800 0.000173591
139200 0.000226625
139600 0.00013976
140000 0.000106242
140400 0.000329339
140800 0.000260817
141200 0.000449253
141600 0.000315729
142000 6.12897e-05
142400 0.000274852
142800 0.000310259
143200 0.000279862
143600 0.000277143
144000 0.000115968
144400 0.000596756
144800 0.00051325
145200 0.000278981
145600 0.000294115
146000 0.000173194
146400 0.00014975
146800 0.000171494
147200 0.000915041
147600 0.000144481
148000 7.80245e-05
148400 0.00201729
148800 0.0024876
149200 0.000755815
149600 0.000581229
150000 0.000197475
150400 0.000641091
150800 0.00218489
151200 0.00066009
151600 0.000155257
152000 0.000348217
152400 0.000202685
152800 0.00067337
153200 0.000119999
153600 0.0022763
154000 0.000995266
154400 0.000481907
154800 0.000160914
155200 0.00022061
155600 7.36619e-05
156000 0.000104926
156400 0.000243106
156800 0.00079755
157200 0.000116144
157600 0.000234776
158000 0.000222034
158400 0.000369381
158800 0.000411451
159200 0.000533937
159600 0.000374043
160000 0.000229772
160400 0.00126947
160800 0.000112039
161200 0.000328655
161600 0.000182099
162000 0.000382687
162400 0.000402056
162800 0.000155451
163200 0.000238949
163600 0.000293598
164000 0.000213852
164400 0.000326666
164800 0.00073343
165200 0.00027672
165600 0.000407269
166000 0.000134625
166400 0.000194114
166800 0.000596316
167200 0.000439486
167600 0.000281607
168000 0.000271846
168400 0.000654207
168800 0.000228964
169200 0.000167813
169600 0.00103552
170000 0.000503586
170400 0.000263419
170800 0.0003458
171200 0.000522731
171600 0.000400634
172000 9.40503e-05
172400 0.00025377
172800 0.000303304
173200 0.000117631
173600 0.000112314
174000 0.000176194
174400 0.000204456
174800 0.000382445
175200 0.000530089
175600 0.000412885
176000 0.000254969
176400 0.000235469
176800 0.000113088
177200 0.000181986
177600 0.00063641
178000 0.00068325
178400 0.000285495
178800 0.000540635
179200 0.000233338
179600 0.000113445
180000 0.000173392
180400 0.000409699
180800 0.000162026
181200 0.000116703
181600 0.000160998
182000 9.91479e-05
182400 0.000264793
182800 0.000163479
183200 0.000220709
183600 0.000194368
184000 0.000141138
184400 0.000118451
184800 0.000304623
185200 0.00052191
185600 0.000489453
186000 0.00030577
186400 0.000300709
186800 0.000655095
187200 0.00028805
187600 0.000155065
188000 0.000481698
188400 0.000340628
188800 0.000155257
189200 0.000547134
189600 0.000282116
190000 0.000125004
190400 0.00023095
190800 0.000270998
191200 0.000508785
191600 0.000183524
192000 6.45587e-05
192400 0.000254511
192800 0.000216791
193200 0.000179075
193600 0.000586485
194000 0.000330744
194400 0.00022938
194800 0.000789051
195200 0.000440666
195600 0.000384039
196000 0.000180466
196400 7.31252e-05
196800 0.000148587
197200 0.000515627
197600 0.000107196
198000 0.00018083
198400 0.000360761
198800 0.000330602
199200 0.000446068
199600 0.000124329
