4800 1.19141
1200 0.86458
1600 1.22318
2000 0.917038
2400 0.753198
2800 0.922823
3200 0.856115
3600 0.714875
4000 0.731562
4400 0.676244
4800 0.719403
5200 0.829517
5600 0.621429
6000 0.661533
6400 0.57676
6800 0.764797
7200 0.529526
7600 0.591225
8000 0.349334
8400 0.565215
8800 0.48182
9200 0.472636
9600 0.425655
10000 0.422904
10400 0.26134
10800 0.39233
11200 0.45393
11600 0.371763
12000 0.382776
12400 0.344043
12800 0.322802
13200 0.43866
13600 0.308691
14000 0.347102
14400 0.34079
14800 0.438716
15200 0.290417
15600 0.289101
16000 0.295222
16400 0.321162
16800 0.225893
17200 0.333573
17600 0.276289
18000 0.283486
18400 0.209168
18800 0.173081
19200 0.244868
19600 0.226615
20000 0.163932
20400 0.133544
20800 0.291429
21200 0.287773
21600 0.273618
22000 0.334316
22400 0.349907
22800 0.355682
23200 0.114631
23600 0.147596
24000 0.168011
24400 0.256158
24800 0.262279
25200 0.339977
25600 0.344993
26000 0.164746
26400 0.280221
26800 0.206024
27200 0.232488
27600 0.384178
28000 0.141482
28400 0.106958
28800 0.348691
29200 0.154929
29600 0.194325
30000 0.111125
30400 0.14208
30800 0.119454
31200 0.198967
31600 0.182522
32000 0.237233
32400 0.187659
32800 0.139383
33200 0.139769
33600 0.227445
34000 0.285016
34400 0.183288
34800 0.113469
35200 0.147136
35600 0.332151
36000 0.184832
36400 0.199601
36800 0.185216
37200 0.284573
37600 0.0581029
38000 0.157447
38400 0.13142
38800 0.119842
39200 0.110425
39600 0.0571916
40000 0.128701
40400 0.174826
40800 0.104583
41200 0.18491
41600 0.209856
42000 0.124572
42400 0.146339
42800 0.208555
43200 0.164116
43600 0.113638
44000 0.0948208
44400 0.297108
44800 0.133973
45200 0.274198
45600 0.11195
46000 0.0792203
46400 0.13598
46800 0.147232
47200 0.180901
47600 0.117611
48000 0.132066
48400 0.0988249
48800 0.207869
49200 0.0897408
49600 0.0771192
50000 0.082213
50400 0.104588
50800 0.107164
51200 0.155137
51600 0.0785009
52000 0.176654
52400 0.142458
52800 0.119852
53200 0.101183
53600 0.140722
54000 0.105513
54400 0.0739072
54800 0.133359
55200 0.131054
55600 0.114006
56000 0.138499
56400 0.175485
56800 0.0949414
57200 0.282236
57600 0.130943
58000 0.10529
58400 0.140132
58800 0.0879838
59200 0.0906527
59600 0.113537
60000 0.136646
60400 0.0711547
60800 0.0907741
61200 0.162476
61600 0.0642727
62000 0.0842689
62400 0.0623964
62800 0.0982671
63200 0.152887
63600 0.157876
64000 0.173728
64400 0.125506
64800 0.0705285
65200 0.0656548
65600 0.0839708
66000 0.128649
66400 0.0707712
66800 0.0845615
67200 0.0904896
67600 0.15151
68000 0.109035
68400 0.0772546
68800 0.0853035
69200 0.183583
69600 0.0391635
70000 0.0432375
70400 0.0626403
70800 0.116106
71200 0.222025
71600 0.11644
72000 0.125026
72400 0.0919833
72800 0.120701
73200 0.0725597
73600 0.0594626
74000 0.0918047
74400 0.0479588
74800 0.0766966
75200 0.224284
75600 0.0712989
76000 0.0561986
76400 0.149463
76800 0.192636
77200 0.11405
77600 0.0353159
78000 0.0861253
78400 0.0439096
78800 0.19172
79200 0.0295752
79600 0.0963764
80000 0.0944433
80400 0.0747131
80800 0.095895
81200 0.0463529
81600 0.071813
82000 0.214326
82400 0.0849718
82800 0.136552
83200 0.11866
83600 0.0848074
84000 0.0622661
84400 0.0434357
84800 0.103926
85200 0.0690722
85600 0.056843
86000 0.187961
86400 0.0339131
86800 0.0591484
87200 0.0470169
87600 0.0262255
88000 0.069413
88400 0.0753221
88800 0.10028
89200 0.0469701
89600 0.105741
90000 0.13396
90400 0.0991265
90800 0.199846
91200 0.0433148
91600 0.0506377
92000 0.0266018
92400 0.0683399
92800 0.0251262
93200 0.0393347
93600 0.045524
94000 0.0858758
94400 0.0879719
94800 0.0665988
95200 0.0516507
95600 0.0863322
96000 0.0589913
96400 0.105214
96800 0.0479893
97200 0.153766
97600 0.0359131
98000 0.0788034
98400 0.0607365
98800 0.081106
99200 0.102338
99600 0.0418967
100000 0.0373644
100400 0.0557957
100800 0.0160263
101200 0.0435224
101600 0.0111688
102000 0.0292103
102400 0.03742
102800 0.0312111
103200 0.049155
103600 0.0517673
104000 0.00762132
104400 0.0145876
104800 0.0539106
105200 0.0436931
105600 0.0141074
106000 0.00984108
106400 0.0378784
106800 0.0940876
107200 0.0258387
107600 0.0115847
108000 0.0260428
108400 0.0710924
108800 0.0280819
109200 0.0443596
109600 0.0227941
110000 0.0266569
110400 0.0241737
110800 0.011938
111200 0.0198573
111600 0.00894945
112000 0.00748639
112400 0.0223901
112800 0.0137637
113200 0.00128073
113600 0.00405141
114000 0.0648338
114400 0.0147315
114800 0.00880569
115200 0.00488535
115600 0.00449878
116000 0.0694821
116400 0.179831
116800 0.017514
117200 0.00490427
117600 0.0105
118000 0.00116813
118400 0.00749886
118800 0.00750482
119200 0.0049566
119600 0.00419477
120000 0.000529607
120400 0.00740404
120800 0.00334124
121200 0.0167528
121600 0.0261096
122000 0.0183184
122400 0.0236476
122800 0.0116383
123200 0.00652607
123600 0.0146026
124000 0.0849115
124400 0.00573155
124800 0.0953176
125200 0.00757692
125600 0.00807232
126000 0.000708145
126400 0.00170002
126800 0.0160976
127200 0.0018074
127600 0.021028
128000 0.00961591
128400 0.00148078
128800 0.0103096
129200 0.00816826
129600 0.00114592
130000 0.00158601
130400 0.00107518
130800 0.00464544
131200 0.00334502
131600 0.0338452
132000 0.00686998
132400 0.00284366
132800 0.00400788
133200 0.000941116
133600 0.00912078
134000 0.00142466
134400 0.00191152
134800 0.0142287
135200 0.00429674
135600 0.00264028
136000 0.00543861
136400 0.00323511
136800 0.0369148
137200 0.0117015
137600 0.0183869
138000 0.0011985
138400 0.00640363
138800 0.0125984
139200 0.0185488
139600 0.00344107
140000 0.0638463
140400 0.00198761
140800 0.00810636
141200 0.014866
141600 0.0358203
142000 0.00120988
142400 0.0119585
142800 0.00206551
143200 0.00243189
143600 0.00176305
144000 0.0062031
144400 0.00384478
144800 0.000953045
145200 0.000808314
145600 0.00796934
146000 0.00683235
146400 0.000341733
146800 0.0158257
147200 0.0264797
147600 0.00265919
148000 0.00106527
148400 0.0105241
148800 0.00297418
149200 0.0121208
149600 0.00109397
150000 0.0249976
150400 0.00276249
150800 0.0149002
151200 0.0139716
151600 0.00112813
152000 0.0060736
152400 0.00403333
152800 0.0102643
153200 0.0114109
153600 0.000819988
154000 0.00670443
154400 0.000366529
154800 0.016192
155200 0.0943461
155600 0.000902957
156000 0.0172631
156400 0.0128831
156800 0.0046941
157200 0.00352841
157600 0.00648821
158000 0.0355282
158400 0.00148193
158800 0.0154981
159200 0.00496406
159600 0.000564991
160000 0.00067902
160400 0.0107455
160800 0.00490501
161200 0.00916234
161600 0.0172299
162000 0.0210115
162400 0.000324451
162800 0.0189602
163200 0.0198344
163600 0.0123447
164000 0.00763596
164400 0.00790794
164800 0.00399629
165200 0.0108132
165600 0.0259758
166000 0.00130825
166400 0.00223363
166800 0.00185453
167200 0.0128916
167600 0.000609033
168000 0.000431374
168400 0.000167456
168800 0.00151727
169200 0.000897478
169600 0.00380474
170000 0.0020669
170400 0.00425202
170800 0.00971171
171200 0.0518546
171600 0.0013438
172000 0.0151659
172400 0.0096342
172800 0.000215559
173200 0.00901887
173600 0.015717
174000 0.000999721
174400 0.00472488
174800 0.0181026
175200 0.00291138
175600 0.0149466
176000 0.0244951
176400 0.0188806
176800 0.0136564
177200 0.00110001
177600 0.00414482
178000 0.0101443
178400 0.00874333
178800 0.00680971
179200 0.0131885
179600 0.00151407
180000 0.0222051
180400 0.00707485
180800 0.0034704
181200 0.0258966
181600 0.0124675
182000 0.00175819
182400 0.00194756
182800 0.000349252
183200 0.00736102
183600 0.00284315
184000 0.000811081
184400 0.000208837
184800 0.00717628
185200 0.000578691
185600 0.00187441
186000 0.00629934
186400 0.0174691
186800 0.000669425
187200 0.0442061
187600 0.000303734
188000 0.00725995
188400 0.0668664
188800 0.00400909
189200 0.00125677
189600 0.00429407
190000 0.00639079
190400 0.00295098
190800 0.0169827
191200 0.00451636
191600 0.00203835
192000 0.00130151
192400 0.00987498
192800 0.00102849
193200 0.00192996
193600 0.00505099
194000 0.00553627
194400 0.00494936
194800 0.0121057
195200 0.026498
195600 0.0133087
196000 0.071486
196400 0.0333315
196800 0.00875311
197200 0.00355983
197600 0.00353428
198000 0.00346928
198400 0.0216821
198800 0.00559118
199200 0.00604942
199600 0.00421997
