400 2.3259
800 2.0138
1200 1.68771
1600 1.72762
2000 1.37779
2400 1.07296
2800 1.07121
3200 1.08022
3600 1.11677
4000 0.758079
4400 0.830945
4800 0.675814
5200 0.90306
5600 0.627594
6000 0.62568
6400 0.63587
6800 0.67217
7200 0.399246
7600 0.590865
8000 0.348071
8400 0.607697
8800 0.498618
9200 0.430364
9600 0.378274
10000 0.417208
10400 0.246828
10800 0.446919
11200 0.480585
11600 0.343823
12000 0.454514
12400 0.317732
12800 0.395514
13200 0.338937
13600 0.379084
14000 0.27653
14400 0.336297
14800 0.284987
15200 0.375503
15600 0.265666
16000 0.359869
16400 0.226791
16800 0.251931
17200 0.229443
17600 0.243131
18000 0.309992
18400 0.237161
18800 0.225259
19200 0.235422
19600 0.253772
20000 0.204375
20400 0.255607
20800 0.220852
21200 0.269134
21600 0.186339
22000 0.327972
22400 0.315465
22800 0.248171
23200 0.125666
23600 0.171903
24000 0.189775
24400 0.156011
24800 0.281325
25200 0.313294
25600 0.344236
26000 0.12681
26400 0.207613
26800 0.173707
27200 0.156227
27600 0.297206
28000 0.278552
28400 0.174668
28800 0.23753
29200 0.173342
29600 0.206004
30000 0.186888
30400 0.252819
30800 0.146463
31200 0.195906
31600 0.204044
32000 0.216183
32400 0.153857
32800 0.0838957
33200 0.170349
33600 0.154666
34000 0.149234
34400 0.126949
34800 0.200175
35200 0.190211
35600 0.29575
36000 0.163027
36400 0.169926
36800 0.174657
37200 0.218214
37600 0.0841224
38000 0.234102
38400 0.191694
38800 0.241465
39200 0.196519
39600 0.106954
40000 0.171975
40400 0.259515
40800 0.199684
41200 0.128566
41600 0.161155
42000 0.0890434
42400 0.141147
42800 0.211854
43200 0.173459
43600 0.137002
44000 0.181194
44400 0.216803
44800 0.230271
45200 0.119248
45600 0.133381
46000 0.151615
46400 0.121755
46800 0.192675
47200 0.207049
47600 0.161799
48000 0.126449
48400 0.0735275
48800 0.176442
49200 0.177104
49600 0.144208
50000 0.146559
50400 0.163366
50800 0.138047
51200 0.0983382
51600 0.108107
52000 0.209199
52400 0.07997
52800 0.0787998
53200 0.10346
53600 0.136586
54000 0.148274
54400 0.132892
54800 0.22561
55200 0.151693
55600 0.114881
56000 0.234495
56400 0.10279
56800 0.0936475
57200 0.189588
57600 0.201354
58000 0.161298
58400 0.175843
58800 0.168494
59200 0.140002
59600 0.141695
60000 0.138961
60400 0.16184
60800 0.167672
61200 0.138705
61600 0.102453
62000 0.187248
62400 0.177648
62800 0.118637
63200 0.0966652
63600 0.238562
64000 0.191516
64400 0.181733
64800 0.0781332
65200 0.145174
65600 0.0950871
66000 0.13464
66400 0.0794436
66800 0.136858
67200 0.194463
67600 0.134506
68000 0.131399
68400 0.0882968
68800 0.103662
69200 0.103172
69600 0.060127
70000 0.0678373
70400 0.151436
70800 0.0709138
71200 0.126326
71600 0.116587
72000 0.190281
72400 0.161473
72800 0.160796
73200 0.121088
73600 0.0690657
74000 0.0700854
74400 0.0462336
74800 0.0820945
75200 0.149902
75600 0.112415
76000 0.0657994
76400 0.0981072
76800 0.0825371
77200 0.149339
77600 0.155137
78000 0.105336
78400 0.172991
78800 0.157905
79200 0.115996
79600 0.0931714
80000 0.0555191
80400 0.116143
80800 0.107872
81200 0.173286
81600 0.112889
82000 0.142692
82400 0.180002
82800 0.075016
83200 0.130519
83600 0.0753383
84000 0.146067
84400 0.182099
84800 0.13284
85200 0.142276
85600 0.136799
86000 0.127226
86400 0.10369
86800 0.206295
87200 0.0945476
87600 0.0770496
88000 0.092449
88400 0.143452
88800 0.1483
89200 0.271524
89600 0.0545338
90000 0.0669582
90400 0.0946546
90800 0.129551
91200 0.0853224
91600 0.104044
92000 0.0526574
92400 0.121409
92800 0.0685267
93200 0.0986956
93600 0.200623
94000 0.141148
94400 0.177156
94800 0.136706
95200 0.139026
95600 0.153398
96000 0.116633
96400 0.0887788
96800 0.172617
97200 0.111578
97600 0.0966369
98000 0.13309
98400 0.192203
98800 0.128256
99200 0.127338
99600 0.191295
100000 0.124935
100400 0.0524778
100800 0.0170051
101200 0.0284739
101600 0.00585858
102000 0.0282181
102400 0.0220998
102800 0.0166613
103200 0.00505578
103600 0.0291679
104000 0.00416723
104400 0.00982732
104800 0.0289127
105200 0.00351394
105600 0.00565042
106000 0.00771919
106400 0.00177325
106800 0.00998253
107200 0.00395038
107600 0.00321696
108000 0.00588644
108400 0.00295556
108800 0.00378617
109200 0.0126213
109600 0.0089965
110000 0.00539588
110400 0.0090131
110800 0.00176524
111200 0.00304536
111600 0.00625714
112000 0.00220419
112400 0.00217923
112800 0.00186004
113200 0.000793589
113600 0.0065527
114000 0.0108047
114400 0.00140882
114800 0.00667703
115200 0.00197638
115600 0.00273543
116000 0.00161978
116400 0.000952405
116800 0.00113721
117200 0.00164346
117600 0.00123672
118000 0.000883657
118400 0.00380623
118800 0.00250129
119200 0.000910895
119600 0.00205539
120000 0.00400685
120400 0.00123672
120800 0.000814411
121200 0.00245823
121600 0.00165268
122000 0.0036904
122400 0.00180158
122800 0.000941707
123200 0.00195143
123600 0.000927569
124000 0.00339163
124400 0.000692325
124800 0.000938575
125200 0.00239761
125600 0.00458438
126000 0.000963941
126400 0.00315753
126800 0.0018331
127200 0.000808955
127600 0.000644323
128000 0.000598735
128400 0.000669184
128800 0.00139162
129200 0.000770575
129600 0.00205631
130000 0.00215164
130400 0.00127924
130800 0.00130762
131200 0.00113357
131600 0.00173714
132000 0.000678013
132400 0.000577447
132800 0.00101397
133200 0.000756521
133600 0.00177063
134000 0.00150397
134400 0.00110597
134800 0.00121419
135200 0.00161351
135600 0.00262322
136000 0.00156163
136400 0.000446438
136800 0.00304464
137200 0.000822238
137600 0.000493029
138000 0.00145519
138400 0.00103075
138800 0.000791124
139200 0.000937239
139600 0.00151738
140000 0.000379724
140400 0.000921081
140800 0.00236934
141200 0.001794
141600 0.000984141
142000 0.00181538
142400 0.00199426
142800 0.00196731
143200 0.00164026
143600 0.00140322
144000 0.000726921
144400 0.00130748
144800 0.000889758
145200 0.000659036
145600 0.00115048
146000 0.00124915
146400 0.000847595
146800 0.000592509
147200 0.00145368
147600 0.000425096
148000 0.00187455
148400 0.00114453
148800 0.00130484
149200 0.000774406
149600 0.000427936
150000 0.000799241
150400 0.00125085
150800 0.000973544
151200 0.00116554
151600 0.00126946
152000 0.000943132
152400 0.000635413
152800 0.000789397
153200 0.0014053
153600 0.00161788
154000 0.000879065
154400 0.00206613
154800 0.000710166
155200 0.00109565
155600 0.000738926
156000 0.000585278
156400 0.000695579
156800 0.000963785
157200 0.000718623
157600 0.00307794
158000 0.00180475
158400 0.00138091
158800 0.000827091
159200 0.000967537
159600 0.000569668
160000 0.0014181
160400 0.00144401
160800 0.000558989
161200 0.00120236
161600 0.000832274
162000 0.00114304
162400 0.00216506
162800 0.000387468
163200 0.00107916
163600 0.00160323
164000 0.000581318
164400 0.000903554
164800 0.00102712
165200 0.00136458
165600 0.00111411
166000 0.000829814
166400 0.00143485
166800 0.000863878
167200 0.00121744
167600 0.000502348
168000 0.00196344
168400 0.000916733
168800 0.00120499
169200 0.000463926
169600 0.000491204
170000 0.000410874
170400 0.000584984
170800 0.00120198
171200 0.000579892
171600 0.000856914
172000 0.00085678
172400 0.000526269
172800 0.000773279
173200 0.000523006
173600 0.000600918
174000 0.000397751
174400 0.00023807
174800 0.000629251
175200 0.0014405
175600 0.000699025
176000 0.000537801
176400 0.000895532
176800 0.000893445
177200 0.000661555
177600 0.000900931
178000 0.00118725
178400 0.000861455
178800 0.000755103
179200 0.000315375
179600 0.000495335
180000 0.000447668
180400 0.00100249
180800 0.000413918
181200 0.000438597
181600 0.00121319
182000 0.000780663
182400 0.00129417
182800 0.000830117
183200 0.000655406
183600 0.00119888
184000 0.000582876
184400 0.00166526
184800 0.000418511
185200 0.000669596
185600 0.000869545
186000 0.00112785
186400 0.000825121
186800 0.000957088
187200 0.0014516
187600 0.000837355
188000 0.00146499
188400 0.00197804
188800 0.00132278
189200 0.000495128
189600 0.000960095
190000 0.0011595
190400 0.000780331
190800 0.00129847
191200 0.000314794
191600 0.00110779
192000 0.000640792
192400 0.00357266
192800 0.000513457
193200 0.000863429
193600 0.002207
194000 0.000605025
194400 0.000601862
194800 0.001982
195200 0.000622196
195600 0.000586236
196000 0.00138364
196400 0.000583151
196800 0.000637724
197200 0.000978166
197600 0.00112449
198000 0.0006269
198400 0.00184278
198800 0.00211464
199200 0.00087861
199600 0.000223033
