400 2.11986
800 1.82391
1200 1.527
1600 1.54838
2000 1.25418
2400 0.989399
2800 0.980368
3200 0.875726
3600 0.862566
4000 0.648599
4400 0.855674
4800 0.818888
5200 0.770353
5600 0.62923
6000 0.640817
6400 0.554606
6800 0.592966
7200 0.507975
7600 0.74228
8000 0.523633
8400 0.734349
8800 0.460703
9200 0.333614
9600 0.375289
10000 0.39329
10400 0.34099
10800 0.419187
11200 0.426628
11600 0.330404
12000 0.370503
12400 0.336558
12800 0.41979
13200 0.416234
13600 0.418814
14000 0.431924
14400 0.486918
14800 0.225373
15200 0.360263
15600 0.254265
16000 0.258182
16400 0.2065
16800 0.22876
17200 0.279249
17600 0.274033
18000 0.38499
18400 0.278842
18800 0.368353
19200 0.311277
19600 0.219026
20000 0.182068
20400 0.261799
20800 0.256723
21200 0.358082
21600 0.23252
22000 0.331498
22400 0.233441
22800 0.475355
23200 0.201084
23600 0.0905282
24000 0.167877
24400 0.231432
24800 0.194831
25200 0.343465
25600 0.32813
26000 0.198475
26400 0.295124
26800 0.162907
27200 0.300832
27600 0.248077
28000 0.252056
28400 0.360986
28800 0.322895
29200 0.171029
29600 0.236223
30000 0.151649
30400 0.15963
30800 0.28845
31200 0.432193
31600 0.397528
32000 0.212274
32400 0.171303
32800 0.123615
33200 0.20313
33600 0.210586
34000 0.18646
34400 0.138223
34800 0.220367
35200 0.223091
35600 0.26059
36000 0.258261
36400 0.192509
36800 0.237773
37200 0.166383
37600 0.132036
38000 0.217656
38400 0.316962
38800 0.287794
39200 0.21572
39600 0.14725
40000 0.381418
40400 0.277158
40800 0.232532
41200 0.272209
41600 0.234104
42000 0.0844636
42400 0.197333
42800 0.247866
43200 0.0963362
43600 0.198151
44000 0.200371
44400 0.224557
44800 0.238678
45200 0.143203
45600 0.174245
46000 0.175461
46400 0.219253
46800 0.218128
47200 0.180406
47600 0.165508
48000 0.123797
48400 0.11128
48800 0.212706
49200 0.286917
49600 0.121356
50000 0.171617
50400 0.249944
50800 0.125303
51200 0.155335
51600 0.104144
52000 0.147965
52400 0.156765
52800 0.293049
53200 0.13856
53600 0.147736
54000 0.241539
54400 0.287807
54800 0.144141
55200 0.256578
55600 0.242276
56000 0.143247
56400 0.121243
56800 0.187397
57200 0.174765
57600 0.1636
58000 0.188032
58400 0.307075
58800 0.0645274
59200 0.166907
59600 0.158013
60000 0.208277
60400 0.0938581
60800 0.35746
61200 0.212823
61600 0.127771
62000 0.159009
62400 0.145542
62800 0.25313
63200 0.134326
63600 0.245526
64000 0.184975
64400 0.183103
64800 0.108942
65200 0.285078
65600 0.181484
66000 0.19395
66400 0.113713
66800 0.140312
67200 0.148446
67600 0.138005
68000 0.220434
68400 0.106479
68800 0.164404
69200 0.198464
69600 0.120603
70000 0.251886
70400 0.236017
70800 0.118977
71200 0.212453
71600 0.144306
72000 0.204747
72400 0.28233
72800 0.310061
73200 0.134289
73600 0.114429
74000 0.142443
74400 0.11695
74800 0.201337
75200 0.209922
75600 0.173776
76000 0.0716655
76400 0.189316
76800 0.155
77200 0.203917
77600 0.142577
78000 0.120787
78400 0.150752
78800 0.569495
79200 0.0914568
79600 0.208719
80000 0.105721
80400 0.0609549
80800 0.235289
81200 0.152979
81600 0.136911
82000 0.216074
82400 0.141189
82800 0.229501
83200 0.210527
83600 0.176415
84000 0.0968185
84400 0.161031
84800 0.126141
85200 0.212261
85600 0.170923
86000 0.107808
86400 0.170423
86800 0.14863
87200 0.107511
87600 0.11743
88000 0.253268
88400 0.152347
88800 0.176674
89200 0.14251
89600 0.19807
90000 0.289544
90400 0.159379
90800 0.193315
91200 0.11404
91600 0.171639
92000 0.14555
92400 0.674807
92800 0.0898137
93200 0.282262
93600 0.217151
94000 0.18979
94400 0.171476
94800 0.147141
95200 0.132919
95600 0.345182
96000 0.241539
96400 0.175764
96800 0.0508448
97200 0.334238
97600 0.178631
98000 0.274777
98400 0.369913
98800 0.294829
99200 0.138975
99600 0.155584
100000 0.144498
100400 0.0781895
100800 0.101118
101200 0.0658975
101600 0.0266749
102000 0.0755472
102400 0.0649681
102800 0.0410279
103200 0.0474076
103600 0.0280728
104000 0.054714
104400 0.0551523
104800 0.038746
105200 0.031735
105600 0.0200011
106000 0.012658
106400 0.0625568
106800 0.0282901
107200 0.0390883
107600 0.0117696
108000 0.0646034
108400 0.109343
108800 0.0255137
109200 0.00467412
109600 0.0241231
110000 0.046539
110400 0.0927769
110800 0.00722102
111200 0.0111749
111600 0.0148493
112000 0.0268453
112400 0.0158512
112800 0.0110696
113200 0.0166015
113600 0.0316939
114000 0.0362351
114400 0.0155684
114800 0.00363223
115200 0.0320279
115600 0.0210998
116000 0.0138373
116400 0.0171701
116800 0.0115916
117200 0.0268429
117600 0.0373721
118000 0.00238496
118400 0.0142939
118800 0.00889563
119200 0.0296976
119600 0.0126881
120000 0.0232307
120400 0.00508122
120800 0.00553752
121200 0.0171382
121600 0.0113328
122000 0.0126616
122400 0.00778447
122800 0.0502919
123200 0.00247679
123600 0.0445887
124000 0.0446554
124400 0.00482411
124800 0.0507461
125200 0.00735685
125600 0.0316852
126000 0.0139988
126400 0.0112141
126800 0.0244969
127200 0.0210192
127600 0.0313711
128000 0.0173501
128400 0.00165271
128800 0.0561914
129200 0.0128348
129600 0.0034608
130000 0.00564709
130400 0.00403316
130800 0.0026544
131200 0.00767474
131600 0.0301216
132000 0.00112504
132400 0.00143428
132800 0.0117608
133200 0.000386917
133600 0.027354
134000 0.00589954
134400 0.00662267
134800 0.0320084
135200 0.00343144
135600 0.043833
136000 0.0132354
136400 0.0023218
136800 0.013443
137200 0.00345787
137600 0.00318774
138000 0.0400326
138400 0.00138722
138800 0.00866923
139200 0.00194126
139600 0.0214849
140000 0.00279188
140400 0.0201551
140800 0.0475945
141200 0.00350186
141600 0.00581055
142000 0.064063
142400 0.0397946
142800 0.0122465
143200 0.00082479
143600 0.0219845
144000 0.0214631
144400 0.0122046
144800 0.00757069
145200 0.00962223
145600 0.0318939
146000 0.00628045
146400 0.0215417
146800 0.0404325
147200 0.0241164
147600 0.00380317
148000 0.0591906
148400 0.0258101
148800 0.0367067
149200 0.00530537
149600 0.000940118
150000 0.0285946
150400 0.024618
150800 0.00741239
151200 0.0407096
151600 0.000477407
152000 0.00232324
152400 0.00134065
152800 0.00840361
153200 0.00225329
153600 0.00287468
154000 0.0106338
154400 0.0332497
154800 0.00275263
155200 0.00458172
155600 0.00185683
156000 0.000444499
156400 0.00421185
156800 0.00498461
157200 0.000807568
157600 0.00544347
158000 0.00314958
158400 0.00526464
158800 0.00149803
159200 0.00289061
159600 0.0012472
160000 0.00051009
160400 0.0107448
160800 1.42426e-05
161200 0.0192245
161600 0.000814998
162000 0.00237204
162400 0.000618753
162800 0.0174313
163200 0.000566628
163600 0.00122227
164000 0.00478869
164400 0.00206568
164800 0.00295777
165200 0.00256619
165600 0.0117591
166000 0.0036869
166400 0.0143767
166800 0.00347365
167200 0.00239202
167600 0.00986558
168000 0.00384038
168400 0.00990417
168800 0.00115464
169200 0.00389227
169600 0.00135202
170000 0.00155718
170400 0.00454372
170800 0.000238923
171200 0.104346
171600 0.00521528
172000 0.000997681
172400 0.00978306
172800 0.0248243
173200 0.00609808
173600 0.000381461
174000 0.0176041
174400 0.0136538
174800 0.00577427
175200 0.0120246
175600 0.00918118
176000 0.0130995
176400 0.000232662
176800 0.00173184
177200 0.00388554
177600 0.000340332
178000 0.00121305
178400 0.0192839
178800 0.018997
179200 0.000702612
179600 0.0010943
180000 0.0105861
180400 0.0177088
180800 0.0182908
181200 0.000305773
181600 0.000660237
182000 0.0162123
182400 0.0136649
182800 0.00210135
183200 0.0128737
183600 0.00105497
184000 0.000345454
184400 0.00165588
184800 0.00315834
185200 0.00186235
185600 0.000252485
186000 0.00318117
186400 0.000838841
186800 0.0901296
187200 0.00697262
187600 0.0423916
188000 0.00145785
188400 0.00227939
188800 0.00616934
189200 0.018437
189600 0.000541548
190000 0.0128489
190400 0.0343965
190800 0.00231178
191200 0.000808697
191600 0.0505022
192000 0.0056065
192400 0.00392596
192800 0.00201537
193200 0.000315662
193600 0.0560246
194000 0.000290869
194400 0.000922614
194800 0.0642824
195200 0.000758202
195600 0.00645799
196000 0.00176072
196400 0.000712071
196800 0.00114924
197200 0.0220994
197600 0.00464122
198000 0.0131418
198400 0.00163766
198800 0.0103668
199200 0.00366566
199600 6.82686e-05
